7729535215593081813791336104508322117815658938472016880716021106346174530823362774367806434684312920
6042267616603808082939109295534486707550681089956097231356430727017020951016598964541444424595850647
8616519428970682360419588824947025066622865684996785503637421232570218032942750517163857348298301530
5721834391480774530902817145497458435149234762295082730374925407653181664478397125833135217503748725
5246689710410859733174789037890840772628507874991814234302389150768799610459991013083470797976338289
9873016662281455271666764000548477797168352559784795336611659503008972466566360414050056749461770301
0963559340125184446866632885746249646205295340275887050461226698744939364014681040202851436760428211
7057743965248886914204931802885594382490422524261572554655339257205835194895783635114367181808896824
2214620058956353766230722764730656343545759585934261464126650618014411238776461462101446568805732022
7352490799287961270124633637695295655277174579978720738388274607505498521583853365307358959268356384
5023524029671045795990969680519087391455709974957165280679446137785148814869769786186488922840604795
9359996090287084945453195779037455271480185523794857138538408761953328406743159194939909787768649974
7529009126416106783593581307188480814585067048131986185878415053395425234192517773435120516227786752
9934293515287736525908525727172289545620551891816597832575356030899066744993609753371699431215660643
7431622372163307675343354099355203927047590441780622217980682300619177952272690040858761993549384570
0714208985042884143224780447627734472642604615018975251444431139782580591139315573168122365715028562
2955848487083157081135128225483934159580131555298686214660189018167838124473248721253693621764544038
6065616353506086827877027316814866121442057148490743937006111110353614708292545345654312512322659885
5837657535259306436466951878515328791097479691196166554764336803315020242587333443826653652883004685
8467743455575841650089197478057521957389289176135187037972315381613588521636700547311948779850698622
4235356855791336114224987485146300178634296855730977479355194889803139204098799783557257732979378662
5209465538782052403852356216869878013460442337322497999989912965214598539495539117322239728161715203
8727469436435253223695662397845977869608096371289105503463930322558584259888908656213988641047556973
6894329223759754009337853891301344615073281843896404120383338006672882502083580154470415577366540216
5236151943054806078930273599646505063925938176957692659086399824446615806064774483351075642869571290
4948227473606817377148621282797726282843186516589332294259887930906672349043749393835079423021723577
7446864276051923525621520929875941665497133316265805428346911922708414509717233042743061867629303143
4860770242463266439102734085709721822113362808714773258027096870127114929220658678866250904936551191
7244113243874850256504847086084035649995213407139634371967752275412517315396566991378509930249969465
7420611336350742969796813814506381250390617013037655226508254682255946755665760365356329816660829226
2598425822490597881087895290795367721467316058586560677768307306936009691678743658362954203276783258
2837474350797836720207138036766941395542489291950268519525595786479561571585212993652866523984914962
0795327814709990734161724239595753572609440323152078802401026036143470356274804523189191472850308361
6336801888903523199359818780700397152016325938171823189673385154112863122499689287325437885612853592
3317813487374699661432124070351122868003560264360924807717477946214385676010409334508763074849124826
8879759785851746075075851137187832253482050258539958915709914058902628687272421436409321779706124060
1290795343763534938866793895157328251067337138114571735311553522931068375133479890145364488297015551
4338379563989193977199958354879142373470782410890786780923685177990535201211585279392580959707084257
1906374373901751925303546909626697358580685232057405679540789228671936229837636784308467538077768255
7435338406475602425592661829363389204927168295955055678029963014773693818421748028522569966541922281
3496633172906561714237277627490419354360406638462483497504301373348925279836537139506962645207658760
5385310407835967652619414862331206556581916992994183187884006012371518082355491720079660415870379155
6888984482120400700820664965405380269242669378491148761462967235627980522128798014460150966457152051
0696748890425982454176070893168050182861766070532675424926035182951646889763401061233035640804635679
3152016437785602632189838114953037447384239941854728195810060266714447915795609049232048511702355599
7931653680694713325629580270082008306959836944416138390676135590214039797460382295197236959222690940
1413271875884369048757112785093214135325750096638792994570777327001516062266911749164282073114750699
8439525170760945510360536421331991847253617824026579557470216341786018861702744471091703364064151228
1059563805020294220570514146020694368726883945403213540720953559574384995373309908770747539520965825
0424297070446714245401745826641555032470516272264447757762168700195203224631480770226265417021759037
