0 131
1 266
2 235
3 453
4 349
5 92
6 266
7 292
8 337
9 163
10 17
11 315
12 27
13 211
14 154
15 469
16 480
17 490
18 402
19 258
20 364
21 205
22 249
23 79
24 442
25 283
26 253
27 160
28 18
29 162
30 149
31 300
32 357
33 95
34 190
35 217
36 493
37 367
38 20
39 459
40 313
41 113
42 360
43 264
44 185
45 315
46 185
47 175
48 225
49 314
50 46
51 181
52 491
53 281
54 426
55 109
56 349
57 371
58 378
59 267
60 57
61 386
62 130
63 173
64 203
65 459
66 56
67 493
68 306
69 207
70 238
71 26
72 259
73 496
74 163
75 124
76 169
77 172
78 219
79 379
80 155
81 422
82 197
83 35
84 10
85 143
86 10
87 179
88 147
89 468
90 223
91 221
92 85
93 311
94 19
95 321
96 83
97 150
98 355
99 105
100 383
101 225
102 27
103 462
104 215
105 39
106 220
107 301
108 422
109 371
110 52
111 492
112 379
113 269
114 287
115 405
116 212
117 416
118 221
119 448
120 297
121 132
122 489
123 352
124 404
125 251
126 217
127 256
128 120
129 177
130 90
131 494
132 274
133 251
134 477
135 30
136 61
137 422
138 174
139 445
140 388
141 216
142 8
143 337
144 442
145 122
146 161
147 82
148 336
149 451
150 66
151 477
152 449
153 330
154 219
155 464
156 254
157 38
158 169
159 366
160 403
161 456
162 281
163 449
164 129
165 85
166 206
167 143
168 414
169 221
170 386
171 391
172 424
173 176
174 295
175 219
176 330
177 320
178 106
179 399
180 300
181 102
182 272
183 137
184 425
185 94
186 461
187 415
188 426
189 315
190 264
191 239
192 27
193 285
194 330
195 188
196 261
197 309
198 466
199 24
200 460
201 9
202 296
203 469
204 329
205 361
206 78
207 168
208 155
209 226
210 271
211 438
212 353
213 161
214 323
215 210
216 197
217 38
218 455
219 349
220 104
221 115
222 76
223 30
224 210
225 82
226 15
227 76
228 16
229 374
230 197
231 153
232 232
233 249
234 244
235 160
236 256
237 76
238 95
239 232
240 322
241 459
242 69
243 361
244 240
245 137
246 267
247 304
248 152
249 125
250 294
251 32
252 415
253 482
254 298
255 360
256 32
257 453
258 136
259 145
260 31
261 22
262 287
263 170
264 433
265 419
266 423
267 97
268 17
269 33
270 430
271 420
272 344
273 159
274 79
275 11
276 479
277 494
278 51
279 150
280 285
281 407
282 114
283 184
284 263
285 41
286 271
287 303
288 436
289 453
290 144
291 148
292 340
293 130
294 94
295 298
296 353
297 212
298 163
299 201
300 206
301 49
302 60
303 94
304 122
305 307
306 119
307 124
308 76
309 297
310 36
311 244
312 270
313 120
314 406
315 185
316 148
317 52
318 490
319 96
320 332
321 200
322 200
323 425
324 455
325 418
326 303
327 424
328 106
329 50
330 241
331 377
332 294
333 145
334 369
335 170
336 59
337 371
338 461
339 262
340 440
341 318
342 120
343 80
344 361
345 476
346 289
347 47
348 98
349 64
350 108
351 59
352 375
353 63
354 13
355 122
356 229
357 173
358 79
359 97
360 57
361 84
362 472
363 358
364 169
365 356
366 488
367 170
368 214
369 89
370 180
371 318
372 433
373 69
374 225
375 15
376 406
377 356
378 171
379 117
380 46
381 45
382 358
383 266
384 464
385 256
386 324
387 52
388 278
389 292
390 30
391 168
392 344
393 288
394 94
395 481
396 321
397 406
398 257
399 278
400 191
401 143
402 325
403 75
404 227
405 226
406 321
407 478
408 470
409 194
410 178
411 333
412 49
413 336
414 111
415 7
416 109
417 414
418 115
419 163
420 289
421 375
422 345
423 99
424 89
425 177
426 325
427 413
428 455
429 224
430 410
431 469
432 415
433 258
434 490
435 347
436 428
437 403
438 142
439 20
440 293
441 469
442 449
443 218
444 252
445 467
446 326
447 354
448 362
449 311
450 251
451 196
452 114
453 172
454 223
455 293
456 441
457 301
458 140
459 491
460 499
461 184
462 353
463 320
464 402
465 19
466 310
467 253
468 373
469 256
470 130
471 447
472 158
473 102
474 388
475 491
476 398
477 173
478 149
479 69
480 26
481 163
482 480
483 127
484 150
485 338
486 375
487 353
488 475
489 81
490 134
491 215
492 29
493 152
494 211
495 229
496 233
497 360
498 420
499 166
